Penny Widmore
37
50
61
75
88
100
24
25
21
25
97
100
Boone Carlyle
45
50
69
75
100
100
24
25
24
25
75
100
Shannon Rutherford
46
50
62
75
97
100
22
25
22
25
81
100
Michael Dawson
46
50
68
75
88
100
24
25
20
25
72
100
Claire Littleton
42
50
73
75
89
100
20
25
23
25
86
100
Jack Shepherd
39
50
73
75
97
100
21
25
24
25
93
100
Charlotte Lewis
50
50
71
75
100
100
24
25
25
25
93
100
Hugo Reyes
41
50
74
75
96
100
19
25
20
25
6
100
Sayid Jarrah
44
50
69
75
87
100
24
25
23
25
82
100
Ethan Rom
37
50
52
75
23
100
19
25
14
25
71
100
Danielle Rousseau
50
50
65
75
90
100
18
25
21
25
96
100
Anna Lucia Cortez
45
50
53
75
88
100
20
25
23
25
65
100
Juliett Burke
50
50
68
75
91
100
24
25
1
25
78
100
Anthony Cooper
42
50
74
75
98
100
24
25
21
25
91
100
Jin-Soo Kwon
50
50
22
75
39
100
24
25
20
25
100
100
Sun-Hwa Kwon
43
50
73
75
90
100
23
25
25
25
82
100
Frank Lapidus
46
50
72
75
92
100
24
25
20
25
71
100
Richard Alpert
45
50
69
75
95
100
15
25
24
25
83
100
Miles Straume
35
50
70
75
79
100
20
25
25
25
92
100
John Locke
45
50
67
75
99
100
21
25
20
25
93
100
Ben Linus
50
50
72
75
75
100
20
25
23
25
83
100
Kate Austin
48
50
71
75
95
100
23
25
20
25
79
100
Charlie Pace
36
50
69
75
80
100
20
25
25
25
94
100
Walt Lloyd
49
50
40
75
100
100
23
25
23
25
29
100
Desmond Hume
45
50
72
75
83
100
1
25
23
25
93
100
Nikki Fernandez
41
50
58
75
73
100
24
25
25
25
85
100
Daniel Farraday
48
50
17
75
79
100
22
25
25
25
87
100
James Ford
50
50
73
75
90
100
25
25
18
25
77
100
Jacob
46
50
62
75
90
100
24
25
1
25
94
100
